accuracy: 0.7861738566222677
unweighted_average_recall: 0.7700456602025441
weighted_average_recall: 0.7861738566222677
