accuracy: 0.7293333333333333
unweighted_average_recall: 0.7640950689306033
weighted_average_recall: 0.7293333333333333
