accuracy: 0.7380833333333333
unweighted_average_recall: 0.7638701348554726
weighted_average_recall: 0.7380833333333333
