accuracy: 0.7275965699429958
unweighted_average_recall: 0.730853418626005
weighted_average_recall: 0.7275965699429958
