accuracy: 0.7886214515028028
unweighted_average_recall: 0.7939614259475855
weighted_average_recall: 0.7886214515028028
