accuracy: 0.7847105583955931
unweighted_average_recall: 0.7913084256727277
weighted_average_recall: 0.7847105583955931
